1 0 3 4 5 -1
2 2 5 -1
3 3 2 7 2 -1
4 5 7 2 7 -1
5 5 2 2 2 -1
6 7 1 1 1 -1
7 9 4 2 7 -1 
8 10 9 -1 
9 11 10 10 10 -1
10 11 8 2 2 -1
11 11 1 3 10 -1 
12 13 20 3 1 -1
13 15 1 -1
14 20 50 -1
15 25 5 -1
16 25 9 1 20 -1
17 27 8 -1
18 30 15 10 1 -1
19 31 25 -1
20 32 5 20 1 -1
21 34 10 10 10 -1
22 35 3 1 3 -1
23 36 15 -1
24 40 5 5 5 5 5 -1
25 41 1 -1
26 42 5 15 1 -1
27 42 15 15 15 -1
28 44 10 -1
29 45 7 8 7 -1
30 46 8 1 9 -1
31 48 1 -1
32 50 8 1 9 -1
33 50 8 1 9 -1
34 51 10 -1 
35 52 6 -1
36 53 2 9 2 -1
37 60 1 15 1 -1
38 61 5 5 5 5 5 -1
39 65 4 8 3 -1
40 66 3 3 3 -1
41 67 20 -1
42 67 20 -1
43 70 1 -1
44 71 2 -1
45 72 15 -1
46 73 1 -1
47 75 15 -1
48 76 10 10 10 -1
49 77 7 7 7 -1
50 80 1 -1